 pvec
            2           2           2           2           2           6           9          12          15
           13          11          10           8           7           6           6           5           4
            4           4           3           3           3           3           3           2           2
 mesh
         0.00000000000               0.125000000000             0.250000000000             0.375000000000
          0.500000000000             0.625000000000             0.750000000000             0.812500000000
          0.875000000000             0.937500000000             0.968750000000             0.984375000000
          0.992187500000             0.996093750000             0.998046875000             0.999023437500
          0.999511718750             0.999755859375             0.999877929688             0.999938964844
          0.999969482422             0.999984741211             0.999992370605             0.999996185303
          0.999998092651             0.999999046326             0.999999523163              1.00000000000
